0 Miloš 4704521234567899 1059 11506.59
1 Ana 5689457256841253 2650 12144.22
2 Tatjana 1120453398765584 1771 986952.11
3 Stefan 4578632145220452 9584 26895.52
4 Marijana 9865554200125321 6652 2674.29
5 Luka 5412632589658745 1433 800.43
6 Milica 6589587441255632 6339 500025803.78
7 Tijana 1236547898745632 7585 97698953.02
8 Relja 1478960320569874 4695 90113.94
9 David 4563321498744569 7485 601500.60
10 Bogdan 9632652308748521 2209 77985.04
11 Aleksa 8523963274127319 5030 30002.05
12 Marko 7139842658265482 9789 159896.05
13 Maja 6854135975138431 8697 157928.55
14 Vesna 4520694305480608 3465 158900.05
